% This file is part of the project CLASS (https://github.com/beckel/class).
% Licence: GPL 2.0 (http://www.gnu.org/licenses/gpl-2.0.html)
% Copyright: ETH Zurich & TU Darmstadt, 2012
% Authors: Christian Beckel (beckel@inf.ethz.ch), Leyna Sadamori (sadamori@inf.ethz.ch)

ids = [ ...
    10008754; ... % no questionnaire
    10008804; ... % incl. questionnaire - forgotten!
    10008855; ... % incl. questionnaire - forgotten!
    10008561; ...
    10008755; ...
    10008782; ...
    10008805; ...
    10008833; ...
    10008856; ...
    10008684; ...
    10008756; ...
    10008783; ...
    10008806; ...
    10008835; ...
    10008868; ...
    10008685; ...
    10008757; ...
    10008784; ...
    10008807; ...
    10008836; ...
    10008869; ...
    10008735; ...
    10008758; ...
    10008785; ...
    10008811; ...
    10008837; ...
    10008872; ...
    10008737; ...
    10008760; ...
    10008788; ...
    10008812; ...
    10008838; ...
    10008910; ...
    10008738; ...
    10008762; ...
    10008791; ...
    10008813; ...
    10008839; ...
    10008911; ...
    10008740; ...
    10008763; ...
    10008792; ...
    10008814; ...
    10008840; ...
    10008912; ...
    10008742; ...
    10008765; ...
    10008793; ...
    10008815; ...
    10008842; ...
    10035340; ...
    10008744; ...
    10008766; ...
    10008794; ...
    10008816; ...
    10008843; ...
    10035341; ...
    10008745; ...
    10008767; ...
    10008795; ...
    10008817; ...
    10008844; ...
    10037612
    10008747; ...
    10008768; ...
    10008796; ...
    10008818; ...
    10008845; ...
    10037613; ...
    10008748; ...
    10008771; ...
    10008797; ...
    10008819; ...
    10008848; ...
    10037615; ...
    10008749; ...
    10008773; ...
    10008798; ...
    10008820; ...
    10008849; ...
    10037616; ...
    10008750; ...
    10008774; ...
    10008799; ...
    10008821; ...
    10008850; ...
    10008751; ...
    10008775; ...
    10008800; ...
    10008823; ...
    10008852; ...
    10008752; ...
    10008777; ...
    10008801; ...
    10008826; ...
    10008853; ...
    10008753; ...
    10008778; ...
    10008802; ...
    10008827; ...
    10008854; ...
];

exclude_ids = [...
    10008850; ...
    10008849; ...
];

ids_electrical_boiler = [ ...
    10008835; ...
    10008836; ...
    10008837; ...
    10008833; ...
    10008849; ...
    10008850; ...
    10008845; ...
    10008841; ...
    10008560; ...
    10008856; ...
    10008819; ...
    10008820; ...
    10008822; ...
    10008818; ...
    10008736; ...
    10008735; ...
    10008827; ...
    10008826; ...
    10008868; ...
    10037614; ...
];

ids_questionnaire = [ ...
    10008561; ...     
    10008684; ...     
    10008685; ...     
    10008735; ...     
    10008737; ...     
    10008738; ...     
    10008744; ...     
    10008745; ...     
    10008747; ...     
    10008749; ...     
    10008753; ...     
    10008756; ...     
    10008757; ...     
    10008758; ...     
    10008765; ...     
    10008768; ...     
    10008771; ...     
    10008773; ...     
    10008782; ...     
    10008783; ...     
    10008785; ...     
    10008791; ...     
    10008796; ...     
    10008800; ...     
    10008804; ...     
    10008805; ...     
    10008806; ...     
    10008812; ...     
    10008817; ...     
    10008821; ...     
    10008823; ...     
    10008827; ...     
    10008836; ...     
    10008837; ...     
    10008838; ...     
    10008839; ...     
    10008840; ...     
    10008843; ...     
    10008844; ...     
    10008845; ...     
    10008848; ...     
    10008852; ...     
    10008853; ...     
    10008854; ...     
    10008855; ...     
    10008856; ...     
    10008868; ...     
    10008872; ...     
    10008910; ...     
    10008912; ...     
    10037612; ...     
    10037613; ...     
    10037615; ...     
    ];
